{
  "IntrinsicCalibration": {
    "Halcon": {
      "calType": "area_scan_polynomial",
      "cx": 1054.9456419782853,
      "cy": 785.4829579841513,
      "focus": 0.012489543455098671,
      "imageHeight": 1544,
      "imageWidth": 2064,
      "k1": 683.07033875145,
      "k2": 1444616.9279945453,
      "k3": -577392161674.6691,
      "p1": -0.18197237434306351,
      "p2": -0.22865241980116785,
      "sx": 3.4472435195795457e-06,
      "sy": 3.4500001220294507e-06
    }
  }
}