{
    "IntrinsicCalibration": {
        "OpenCV": {
            "cx": 995.4205877591875,
            "cy": 741.489956335109,
            "fx": 3701.60401778082,
            "fy": 3699.3467377298566,
            "k1": -0.05224791186761765,
            "k2": 0.06332254150964789,
            "k3": 0.18664206795981533,
            "k4": 0.04691209731391153,
            "k5": -0.27778016188789173,
            "k6": -0.17320439296788742,
            "p1": 0.0003413510663431218,
            "p2": 0.0002180152413683152,
            "rms": 0.19005590575855072
        }
    }
}