{
  "IntrinsicCalibration": {
    "Halcon": {
      "calType": "area_scan_polynomial",
      "cx": 1086.0063453428818,
      "cy": 771.097676941486,
      "focus": 11.944892438007823,
      "imageHeight": 1544,
      "imageWidth": 2064,
      "k1": -4394.694199488803,
      "k2": 1623348096.2886462,
      "k3": -209967566575519.38,
      "p1": -1.9828234866322656,
      "p2": -0.764025405925902,
      "sx": 1.5225704565559232e-06,
      "sy": 3.4500001220294507e-06
    }
  }
}