{
    "IntrinsicCalibration": {
        "OpenCV": {
            "cx": 999.3938934566954,
            "cy": 740.5822907590251,
            "fx": 3698.038239605276,
            "fy": 3695.761718639665,
            "k1": 34.30335190665902,
            "k2": -14.683394753342217,
            "p1": 0.00016366960704890915,
            "p2": 0.0005592836138473655,
            "k3": 6.3960875378705095,
            "k4": 34.41411329223707,
            "k5": -11.977003422186023,
            "k6": -3.8757456337347103,
            "rms": 0.09325065981055233
        }
    }
}