{
  "IntrinsicCalibration": {
    "Halcon": {
      "calType": "area_scan_polynomial",
      "cx": 967.316,
      "cy": 738.877,
      "focus": 0.0129092,
      "imageHeight": 1544,
      "imageWidth": 2064,
      "k1": 527.412,
      "k2": -32029000.00,
      "k3": 1234450000000.00,
      "p1": 0.15534,
      "p2": 0.0162498,
      "sx": 3.45167e-06,
      "sy": 3.45e-06,
      "mean_error_px": 0.336388
    }
  }
}